function mpc = network56(gadd,dev)
%%%%%%%%%%%%%%%%%%%%%%%%%%%%%%%%%%%%%%%%%%%%%%%%%%%%%%%%%%%%%%%%%
%       Real-time Distributed Optimal Power Flow 
%       LA @ EPFL, Jul. 26, 2015 
%       Contact: yuejiang.liu@epfl.ch / liuyuejiang1989@gmail.com
%       Prerequisite: YALMIP, Gurobi, (CVX)  
%%%%%%%%%%%%%%%%%%%%%%%%%%%%%%%%%%%%%%%%%%%%%%%%%%%%%%%%%%%%%%%%%
%       56-bus network data 
%%%%%%%%%%%%%%%%%%%%%%%%%%%%%%%%%%%%%%%%%%%%%%%%%%%%%%%%%%%%%%%%%

% gadd = 0;
mpc.dev_V = dev;
% mpc.dev_V = 0.05;

% system MVA base
mpc.baseMVA = 1;      %MVA
mpc.baseVoltage = 12; %kV
% \\ Z_base = (mpc.baseVoltage*1e3)^2/(mpc.baseMVA*1e6);
mpc.pf = 0.9; % Power factor

mpc.base_P = mpc.baseMVA*1e6;
mpc.base_V = mpc.baseVoltage*1e3;
mpc.base_I = mpc.base_P/mpc.base_V;
mpc.base_Z = mpc.base_V^2/mpc.base_P;

% --- Line --- 
%    		fbus 	tbus	r   		x    
mpc.branch = ...
           [1   	2    	0.1600    	0.3880   
            2   	3    	0.8240    	0.3150   
            2   	4    	0.1440    	0.3490   
            4   	5    	1.0260    	0.4210   
            4   	6    	0.7410    	0.4660   
            4   	7    	0.5280    	0.4680   
            7   	8    	0.3580    	0.3140   
            8   	9    	2.0320    	0.7980   
            8   	10    	0.5020    	0.4410  
            10   	11    	0.3720    	0.3270  
            11   	12    	1.4310    	0.9990  
            11   	13    	0.4290    	0.3770  
            13   	14    	0.6710    	0.2570  
            13   	15    	0.4570    	0.4010  
            15   	16    	1.0080    	0.3850  
            15   	17    	0.1530    	0.1340  
            17   	18    	0.9710    	0.7220  
            18   	19    	1.8850    	0.7210  
            4   	20    	0.1380    	0.3340  
             % 2nd col
            20   	21    	0.2510    	0.0960  
            21   	22    	1.8180    	0.6950  
            20   	23    	0.2250    	0.5420  
            23   	24    	0.1270    	0.0280  
            23   	25    	0.2840    	0.6870  
            25   	26    	0.1710    	0.4140        
            26   	27    	0.4140    	0.3860  
            27   	28    	0.2100    	0.1960  
            28   	29    	0.3950    	0.3690  
            29   	30    	0.2480    	0.2320  
            30   	31    	0.2790    	0.2600  
            26   	32    	0.2050    	0.4950  
            32   	33    	0.2630    	0.0730  
            32   	34    	0.0710    	0.1710  
            34   	35    	0.6250    	0.2730  
            34   	36    	0.5100    	0.2090  
            36   	37    	2.0180    	0.8290  
            34   	38    	1.0620    	0.4060  
            38   	39    	0.6100    	0.2380  
            % 3rd col
            39   	40    	2.3490    	0.9640  
            34   	41    	0.1150    	0.2780  
            41   	42    	0.1590    	0.3840  
            42   	43    	0.9340    	0.3830  
            42   	44    	0.5060    	0.1630  
            42   	45    	0.0950    	0.1950  
            42   	46    	1.9150    	0.7690  
            41   	47    	0.1570    	0.3790  
            47   	48    	1.6410    	0.6700  
            47   	49    	0.0810    	0.1960  
            49   	50    	1.7270    	0.7090  
            49   	51    	0.1120    	0.2700  
            51   	52    	0.6740    	0.2750  
            51   	53    	0.0700    	0.1700  
            53   	54    	2.0410    	0.7800  
            53   	55    	0.8130    	0.3340  
            53   	56    	0.1410    	0.3400  
];

% --- Bus --- 
%       No.     Load    PV      Shunt     Battery
mpc.injection = ...
		[1    	0		0   	0       0
		 2   	0       0       0       0
		 3   	0.057   0       0       0
		 4   	0       0       0       0
		 5   	0.121   0       0       0
		 6   	0.049   0       0       0
		 7   	0.053   0       0       0
		 8   	0.047   0       0       0
		 9   	0.068   0       0       0
		10    	0.048   0       0       0
		11    	0.067   0       0       0
		12    	0.094   0       0       0
		13    	0       0       0       0
		14    	0.057   0       0       0
		15    	0       0       0       1
		16    	0.053   0       0       0
		17    	0.057   0       0       0
		18    	0.112   0       0       0
		19    	0.087   0       0.6     0
		20    	0       0       0       0
		21    	0       0       0.6     0
		22    	0.063   0       0       0
		23    	0       0       0       0
		24    	0.135   0       0       0
		25    	0.100   0       0       0
		26    	0       0       0       0
		27    	0.048   0       0       0
		28    	0.038   0       0       0
		29    	0.044   0       0       0
		30    	0       0       0.6     0
		31    	0.053   0       0       0
		32    	0.223   0       0       0
		33    	0.123   0       0       0
		34    	0.067   0       0       0
		35    	0.094   0       0       0
		36    	0.097   0       0       0
		37    	0.281   0       0       0
		38    	0.117   0       0       0
		39    	0.131   0       0       0
		40    	0.030   0       0       0
		41    	0.046   0       0       0
		42    	0.054   0       0       0
		43    	0.083   0       0       0
		44    	0.057   0       0       0
		45    	0       5       0       0
		46    	0.134   0       0       0
		47    	0.045   0       0       0
		48    	0.196   0       0       0
		49    	0       gadd    0       0
		50    	0.045   0       0       0
		51    	0       gadd    0       0
		52    	0.315   0       0       0
		53    	0       0       0.6     0
		54    	0.061   0       0       0
		55    	0.055   0       0       0
		56    	0.130   0       0     	0];


% --- Demand ---
% the normalized data is generated by repeating the 7-bus demand 8 times for 56-bus case 
%	    Bus		0h		1h		2h		3h		4h		5h		6h		7h		8h		9h		10h		11h		12h		13h		14h		15h		16h		17h		18h		19h		20h		21h		22h		23h		24h		
