function mpc = network56()
%%%%%%%%%%%%%%%%%%%%%%%%%%%%%%%%%%%%%%%%%%%%%%%%%%%%%%%%%%%%%%%%%
%       Real-time Distributed Optimal Power Flow 
%       LA @ EPFL, Jul. 26, 2015 
%       Contact: yuejiang.liu@epfl.ch / liuyuejiang1989@gmail.com
%       Prerequisite: YALMIP, Gurobi, (CVX)  
%%%%%%%%%%%%%%%%%%%%%%%%%%%%%%%%%%%%%%%%%%%%%%%%%%%%%%%%%%%%%%%%%
%       7-bus network data 
%%%%%%%%%%%%%%%%%%%%%%%%%%%%%%%%%%%%%%%%%%%%%%%%%%%%%%%%%%%%%%%%%

mpc.dev_V = 0.1;

% system MVA base
mpc.baseMVA = 1;      %MVA
mpc.baseVoltage = 12; %kV
% \\ Z_base = (mpc.baseVoltage*1e3)^2/(mpc.baseMVA*1e6);
mpc.pf = 0.9; % Power factor

mpc.base_P = mpc.baseMVA*1e6;
mpc.base_V = mpc.baseVoltage*1e3;
mpc.base_I = mpc.base_P/mpc.base_V;
mpc.base_Z = mpc.base_V^2/mpc.base_P;

% --- Line --- 
%    		fbus 	tbus	r   		x    
mpc.branch=[1    	2    	0.6250    	0.2730
            1    	3    	0.5100    	0.2090
            1    	4    	1.0620    	0.4060
            3    	5    	2.0180    	0.8290
            4    	6    	0.6100    	0.2380
            6    	7    	2.3490    	0.9640];

% --- Bus --- 
%       No.     Load    PV      Shunt
mpc.injection = ...
		[1    	0.0670	999		0			    
         2    	0.0940  0       0
         3    	0.0970  0       0
         4    	0.2810  0       0
         5    	0.1170  0       0
         6    	0.1310  0       0
         7    	0.0300  0  		0 ];

% --- Demand ---
%	    Bus		0h		1h		2h		3h		4h		5h		6h		7h		8h		9h		10h		11h		12h		13h		14h		15h		16h		17h		18h		19h		20h		21h		22h		23h		24h		
mpc.demand = ...
	[	1		0.69	0.62	0.60	0.60	0.60	0.62	0.67	0.78	0.92	0.97	0.98	0.99	1.00	0.99	0.99	0.98	0.95	0.94	0.98	0.99	0.97	0.90	0.83	0.76	0.69
		2		0.90	0.84	0.82	0.79	0.76	0.77	0.83	0.93	0.98	1.00	1.00	0.98	0.98	0.97	0.93	0.89	0.86	0.84	0.85	0.93	0.99	0.92	0.87	0.91	0.90
		3		0.72	0.65	0.61	0.60	0.59	0.60	0.63	0.71	0.84	0.95	0.99	0.99	0.99	0.93	0.92	0.93	0.94	0.93	0.91	0.95	1.00	0.94	0.88	0.79	0.72
		4		0.76	0.70	0.66	0.64	0.64	0.64	0.67	0.76	0.88	0.97	0.99	0.98	0.97	0.96	0.96	0.95	0.94	0.95	0.97	0.95	1.00	0.96	0.91	0.83	0.76
		5		0.83	0.79	0.78	0.77	0.78	0.78	0.80	0.88	0.98	1.00	0.98	0.97	0.96	0.95	0.94	0.93	0.92	0.91	0.92	0.92	0.93	0.92	0.90	0.86	0.83
		6		0.77	0.71	0.68	0.67	0.67	0.68	0.70	0.78	0.87	0.92	0.93	0.93	0.95	0.95	0.95	0.93	0.92	0.91	0.93	0.99	1.00	0.97	0.91	0.83	0.77
		7		0.87	0.79	0.73	0.70	0.67	0.66	0.67	0.68	0.69	0.81	0.91	0.94	0.94	0.94	0.91	0.91	0.92	0.90	0.88	0.86	0.92	1.00	0.95	0.92	0.87	];

    
end